38229
36405
38783
36189
38082
37389
37813
37521
40393
37864
41577
38918
36997
39109
38369
39015
38084
40492
37602
38841
40236
37112
36827
40583
40250
36603
40694
39075
38738
38366
41236
41521
41141
39087
40136
40899
38661
41074
36265
36587
36125
39439
39905
40297
39734
37057
36063
37483
36738
39913
39191
40811
41186
39849
37730
38744
39650
36725
36161
40833
40305
36589
37784
36926
37649
37490
36875
37025
41097
38799
38292
36296
40701
39101
39159
37046
41602
40058
40038
40933
38277
39831
40061
38445
39163
38902
41395
39517
37396
38482
40022
36278
38148
41221
40932
39033
38112
39064
39969
40522
36582
39859
39294
40548
41253
38466
41159
40715
38259
40534
40208
36270
40888
40954
38822
41080
40199
41403
39575
37329
41012
36339
41118
37136
40547
38734
36753
39479
36933
41308
37582
40813
40385
36144
38935
40838
39699
36869
41087
39193
38448
37343
41546
37818
37952
36384
41143
40911
37006
38254
41039
40036
39569
41445
40312
38019
40717
41506
41390
37120
39631
37226
38287
40531
41038
39226
40710
36179
36284
39963
41004
41292
36922
40348
38504
37090
36478
39372
40655
36316
38305
40243
41464
39170
37872
41229
40724
40082
39567
39126
37119
37615
39607
36124
37667
37105
37088
36649
40343
39427
40558
38619
39899
38559
36120
39346
41135
41662
36919
36479
40212
37382
37253
38406
39070
37372
38516
36600
36675
41548
38844
37254
40051
39514
37224
39275
38282
41067
40612
38491
36288
40561
40480
38344
37970
37496
40757
38773
40255
37610
39118
36139
37565
38487
37817
40057
41680
39128
39418
37751
41705
39488
37223
36490
39365
39028
36049
39759
36944
37338
40285
40919
39472
40515
40395
36054
40979
39918
39081
41120
38429
38047
39373
40947
41389
36021
36029
41265
38956
40786
37545
37705
36382
39648
36624
38143
38973
36628
41665
37900
38762
37011
36776
37950
40041
36865
41554
37480
36248
40859
39098
37769
41533
41266
38584
41277
41725
40184
37315
38056
36758
36268
41017
37578
36924
41197
36064
39531
39729
37439
38392
36795
38777
37010
38095
40261
41228
39853
38354
38983
37182
38234
37477
39062
40764
39904
39992
37441
37592
38191
40527
37209
40897
36713
41411
41153
39221
37330
36871
39339
36572
39621
38615
36460
39369
37360
37241
36441
40680
40607
36898
36079
36028
38770
38905
39670
36205
39194
37236
36463
41510
39119
40471
41643
39766
39711
39579
38126
38589
36109
37145
41397
40737
37423
37077
41614
41720
36438
40223
39580
40291
39686
39095
38304
37208
40052
37918
36794
40021
40290
41238
38298
37020
41369
39802
40295
37301
37873
36837
41541
37789
40239
37995
39644
37775
37063
39958
40218
40140
40582
40610
37826
36612
40165
36022
38360
39011
40788
37726
37048
36553
38656
36385
39986
41434
39599
39288
37144
37961
39717
40541
39949
39210
39752
41526
40511
37540
38137
41190
39984
39057
41037
41079
39336
38827
40001
37376
37503
36807
39177
38226
39724
39921
39981
36368
39657
40727
40997
36787
36015
41230
37052
37122
37596
37234
39739
40224
38533
39468
36074
41204
40334
39039
40528
37282
38733
36378
39972
37966
37085
40625
40281
37278
41109
41410
40432
36903
37799
37387
41698
39516
40254
41502
37719
40942
38804
41438
37176
41028
36154
38478
36806
38648
38140
37225
39551
40120
39438
39384
39443
36182
37414
39327
36010
40924
39552
39959
39223
36308
37297
37422
37936
41272
38058
37906
36342
37654
39254
36825
36351
39310
38898
37902
38676
36355
36507
38713
38838
39810
40344
37557
37429
38033
36554
39870
37162
37123
40444
39625
40274
38475
36051
36981
37269
40812
38451
39413
37357
39681
36450
36202
39072
36966
41032
36461
40024
37798
39060
36070
36392
37822
36760
37207
40374
41401
41468
39419
39003
37233
41528
40525
39050
36155
39227
37012
37621
38979
40155
38444
36128
37912
37526
36232
38975
39728
37380
36494
36075
36894
41419
37796
37673
38248
36095
41563
38826
36431
36153
38271
37780
40602
39880
40119
39351
38893
40955
41050
38276
37098
39343
41543
38237
40397
40149
38818
41692
40578
37722
37512
38598
37760
40670
38189
39623
41726
39447
39811
39635
39975
36249
36955
41063
38311
38639
39089
37689
36276
39342
38883
36718
38111
36613
38959
39334
37196
41576
40138
41608
40824
36850
38485
39965
38520
37551
36590
38760
36434
40890
40981
36325
39311
41285
36913
41044
41570
39077
36993
41198
36409
40647
40652
37538
40112
41092
41157
38312
40617
37095
37858
41225
36581
37549
40342
38970
38388
39527
41096
36934
40681
36626
39240
38100
39201
39165
41503
40062
39709
40049
36537
38168
36539
39422
39718
36326
38780
41330
36755
40957
40367
38610
39967
41068
37661
37609
41394
41682
40073
36804
36137
36184
40709
37960
41412
41507
38415
37381
37903
40339
36297
38687
40129
38751
39500
38048
39809
37962
40486
36060
37598
39434
38766
39934
40803
38540
36610
40416
37344
36931
39723
36086
40622
37245
37682
38402
38872
41183
37426
39980
40053
41006
37658
36945
41560
41199
40657
36188
40648
39973
36377
41379
37617
39581
36389
41099
38756
41433
41100
36808
39185
39689
36480
37141
36430
40872
36150
37866
40882
36050
37166
37688
39834
38091
37163
41045
38449
39698
39893
38022
40011
37777
38551
37107
41478
41713
40891
41049
38601
40966
39020
36158
39426
39789
37003
38678
39190
37114
38915
40249
36259
41666
38909
39613
41714
36197
38164
37181
36211
36761
36665
36473
41275
38534
40292
36428
41568
40554
37827
36274
39014
38887
39387
40111
40152
39083
39495
39777
39038
41106
41280
40170
39511
41130
36456
41101
40854
37404
38431
37828
37488
38535
39265
41104
38778
39486
41536
40640
37242
39945
36527
36092
41136
40032
41084
37397
37959
38944
36989
37153
41450
36749
39492
37508
38179
36024
38465
40172
36067
38154
41579
38674
36300
39873
37630
36586
37412
39285
36533
41286
39259
39025
36673
38957
36678
40619
38218
39456
39253
38301
38464
38228
41584
36771
38967
39954
38062
38420
38550
36733
38008
36754
41582
41675
37917
40628
36620
39586
39646
36371
40867
38665
40753
39481
41298
36614
37755
38120
38802
36658
39761
37185
41736
38017
40664
40205
39817
37096
39328
40191
36472
39942
41138
41393
39090
40887
37150
39749
38759
36462
38563
41452
38958
41213
36786
36599
37794
37671
36530
38285
36503
38004
40247
39245
36037
38729
40549
39539
38774
40731
40535
36489
40642
40091
37149
39830
39697
40774
38358
37678
37310
38391
41603
37806
36083
38076
39036
40766
40157
36107
37271
37713
37547
41352
36374
37533
40118
40675
38670
40696
41640
36257
40171
36953
37416
39690
40271
37695
39771
37205
38419
41422
38743
41257
41427
41041
40440
39549
36025
38195
40909
40593
37033
36076
41473
39596
39471
36290
36152
38057
39379
37808
36892
41169
36323
39448
39910
38456
38999
40472
36440
41192
38977
36394
39736
39616
37524
41267
39612
38809
39768
37178
39675
38854
40903
40988
37442
39595
39249
40234
38746
39813
36424
38938
40098
39652
38093
39667
38253
39647
40034
40815
38881
36575
41670
36393
39216
38410
38811
36635
36647
40219
38573
37605
38498
39991
37121
38192
37909
39947
40351
36768
40338
37157
37110
38914
40611
39393
39475
41329
38239
41145
40301
38911
40462
39465
39385
37973
38198
40326
38593
38171
41137
40720
36275
40730
37206
36090
36844
41062
40969
40266
38525
38133
41300
38181
37528
38524
38989
40424
40240
37984
39916
36836
37779
40705
38721
40571
41150
39225
36470
39883
39272
41293
41480
40177
37724
40684
38147
38134
37364
39662
36097
40698
40586
37268
40404
41015
37635
39668
36404
37495
37680
40654
39445
37451
36381
40682
38940
38596
39416
37038
39192
40264
40785
38518
39615
38618
36694
40134
37937
38991
38527
40008
38638
36912
37732
37624
41134
39738
36860
40768
39236
37235
39331
40401
37081
38499
39198
36983
40279
36488
39740
38582
36335
38375
38286
38816
40990
36451
39938
38323
39317
37455
37111
37188
38623
40014
37640
40130
37638
40516
39882
37202
38194
41033
37312
38839
41232
39770
39474
40976
37399
37411
36183
36282
37022
40585
40072
40194
40646
39705
36545
39238
41574
36739
39110
38146
38922
39700
39360
39004
36855
41696
41591
41222
36604
36047
41437
37759
37845
40409
38855
39067
40272
38846
40530
38072
37460
38792
39526
37161
38212
40742
37634
40337
37768
37042
37601
40960
41122
36972
40468
39798
36627
39785
41681
38633
38357
41538
40623
40075
38885
36435
40712
40707
37023
36207
38651
36565
38879
39013
41511
38060
36984
40689
39503
37348
39974
41356
37347
39679
37980
41057
38031
40158
41571
36225
41638
37927
39117
39146
41195
39957
40576
36831
37152
40779
36345
38241
39397
39301
39085
36230
39450
36160
39054
37127
38119
38775
41151
38395
40314
38871
39032
37657
39224
40807
37969
36778
36709
36990
36361
37184
41243
37562
38245
37464
37515
41599
37486
40361
36032
40621
41447
36491
41127
38421
38962
38723
41520
36433
40901
38015
40467
41465
38113
40800
40555
36403
41555
39576
36656
36904
39712
38896
41252
41400
40594
41727
40388
37309
39672
38070
39704
36452
41628
38028
37985
39665
40922
40035
40330
41342
40211
38370
39598
38257
39440
36294
36482
40447
36523
36742
39335
39748
39610
36110
39278
37385
39040
36331
40930
37108
41380
39999
38858
36196
37507
41254
36111
37221
38178
40678
37290
38876
39207
41467
37031
39743
40741
38798
37435
36969
36790
38003
37180
37590
40454
39027
38423
39160
39143
37013
41227
39772
36791
37102
41301
38452
37419
38422
38115
40000
40411
36971
40384
41509
36218
37567
36703
41674
37938
36757
41357
40457
41217
41164
39561
38211
39573
38555
38416
38801
40092
37137
38522
37277
39173
37556
38921
37261
39312
41373
38013
36949
37693
39258
39685
41629
36662
39470
41398
36916
38075
36318
40964
37051
36093
37974
37204
36690
36889
40371
38708
39737
41235
38470
38284
37335
37078
39534
39052
36917
40895
38158
39855
37037
38646
37080
36868
36269
37027
37284
39104
40099
37350
41332
38300
38984
37791
39476
40002
37815
36970
39078
41580
40844
39255
40425
37923
41110
41336
39260
38990
39843
40691
40708
36569
39507
37143
38275
39457
40995
36065
37645
36209
39251
38368
36802
40879
36356
40499
39796
38652
38139
38949
40399
38605
41646
39420
38447
38067
40380
37954
36272
36895
38824
36767
39522
39068
39565
38131
36959
40722
41283
40068
40286
40407
40013
38797
40868
36958
38441
38635
37287
37520
37911
37957
37155
37837
40780
37049
39407
38283
38087
37401
40190
40368
41444
41663
40978
37391
39820
41664
36784
40460
40187
37677
38088
38502
36365
39458
36104
36704
40928
38532
36291
37747
38316
36995
39129
39341
38586
36117
40077
36073
38496
40448
39663
37949
36783
41175
39363
37934
40169
37523
39281
37618
36578
40217
38791
40488
39605
36520
38545
39469
38038
37748
37967
38543
38546
37739
40878
36853
38104
36442
39059
36228
37867
36178
36334
38560
36723
41154
39142
41718
39504
39901
38473
39923
38971
39694
37510
36839
41010
36199
40521
36518
37707
38673
36900
36863
37167
36559
38705
41671
41261
40762
39714
37968
41525
39755
37838
40030
37876
39781
41264
38577
36348
40430
37295
41408
38931
38976
41331
41278
39099
41291
37061
38597
37851
37430
37468
37211
36447
41306
40526
39222
41442
37318
39120
41405
39509
36408
37066
39477
36570
40382
39073
41059
38703
40412
39121
40106
41651
40033
40792
37492
38462
38570
38329
37857
37255
36680
36477
41451
41361
37148
37725
39349
38396
37440
39673
41309
37746
40884
41144
40748
41487
40146
37349
41494
39490
41056
41668
40629
41129
36708
36401
37785
37472
39571
40937
36947
41673
37113
39695
40998
38972
39105
41556
37581
38117
36242
39231
38926
38183
36204
40653
36693
39037
40550
40433
36782
38753
39636
36215
37542
38315
39462
36417
41519
40350
39765
41018
38912
36262
39429
40257
36696
38201
37593
39593
36191
39061
40458
38167
38399
38377
40584
41409
37133
36439
39563
39828
41551
39135
40181
41167
37135
39047
38342
37978
37045
41375
39242
40201
38781
39506
36735
39747
39825
36287
40420
37944
39867
39274
37291
36946
37267
40244
41660
41248
36819
38923
36921
37345
36640
38165
37319
36519
36918
37743
36691
38313
41377
40931
38314
41011
41250
40241
39147
39176
39354
36387
37151
39732
39536
38333
40806
40364
41730
38757
38454
40892
37880
36301
41022
38414
40818
38691
41258
40915
40086
36210
40842
37159
40005
41288
37691
37129
40630
38182
40319
40837
40383
41540
41241
41123
38097
36670
38351
40831
38157
37814
36364
40027
36132
38767
37683
39063
40126
36427
38152
36432
39513
38401
38190
41295
39710
41600
41453
37410
37525
39594
38929
40392
41491
38852
38987
37933
36337
39269
39725
38700
36043
40262
36134
39858
36721
40861
38023
36042
37887
38689
40728
38761
37889
41020
38324
37378
40287
40873
39541
38418
36674
36497
39844
39243
36552
40536
38291
40178
40494
37494
39769
36273
37516
41457
39432
39154
36034
37718
39907
39266
36159
39252
39791
39171
37892
40546
39283
36952
36114
41627
41626
36870
41321
39316
38755
36666
37868
39715
38489
39209
40115
36769
39424
39348
36789
40667
39745
37034
36285
40943
38636
41386
37094
39199
38450
39141
38425
38969
37454
41284
37870
36229
38714
40668
39757
38539
39029
37644
38046
36281
40801
38042
37881
37926
36171
41249
39096
36176
36683
40598
37375
38626
39371
38205
40210
40227
37193
36305
37924
40665
36444
36317
39822
40761
40135
40325
38098
41585
40377
37534
37874
38240
39767
36641
40962
39273
41635
37744
37053
37901
40226
40739
39031
41322
40175
36679
37767
38341
36780
40685
41435
36967
39302
38537
38968
40952
37175
37363
38432
40820
39856
41007
37355
37194
40776
37988
41276
39638
37811
40961
39080
37190
39519
37285
36474
40663
41042
40372
39520
38508
38758
36854
39801
36814
40760
36741
39297
37158
39309
41733
40161
37059
39425
38998
37197
37327
40620
40162
36810
37727
37311
41611
36803
38101
38128
39960
40154
38457
40370
40589
36737
41392
37884
37252
40238
37100
37305
39806
36638
40406
40500
40827
39460
38339
38558
36056
39009
36877
38197
40268
39323
41466
38109
40081
37888
38000
41621
36592
39396
41119
38772
40771
38607
40269
38210
41501
36241
39330
40478
40756
36406
39204
38995
40461
39703
38352
41319
37062
40755
37465
37564
36824
38870
38264
38149
37619
36846
40789
41245
41016
37425
39840
36226
41687
39951
37351
40830
38325
37172
36359
38474
36500
37723
37230
40104
37573
41075
41601
36498
37586
36038
40263
39852
40765
38442
40669
38293
40929
41345
37434
41678
37026
36579
39417
40260
40940
40242
39890
40749
37740
36256
36940
36851
36476
40754
37283
40196
37782
37332
39158
39395
39708
41021
41086
36740
39058
37702
36920
40852
36214
40910
37812
38162
37060
38142
41642
38843
37015
38754
40858
36623
41158
41270
38571
39140
37553
38942
37588
39145
40896
41365
41729
40400
40545
36395
36901
36835
36162
40725
39622
37653
36833
41156
38193
39608
41344
37218
37339
41676
37036
38952
38381
38831
40327
41346
38737
41043
38486
36689
40443
39533
38260
37694
40856
39437
39753
36812
37704
36746
36905
36423
38701
38471
36676
37555
40823
39774
37625
37126
38675
36357
37142
39637
37478
37362
39721
41717
38479
37266
39956
40215
38079
40493
40080
37195
38630
40054
38924
38848
41048
38426
38868
41383
38446
36876
36994
37945
41172
36307
38697
40110
41625
41090
37373
39784
36511
38552
37489
39461
40065
36986
40907
38711
41071
40504
36046
41691
38121
40740
38920
37846
40683
36437
40599
40321
36550
38506
37546
36577
38907
37996
36292
40070
40156
41524
39333
39202
40489
40829
40643
41046
38002
38348
36084
39043
37014
38118
40590
37922
37632
36231
38718
41617
38378
38302
41463
40018
40116
39022
40045
36884
36085
39653
36121
36797
41488
39337
36168
40587
37964
36631
40650
36255
36896
40050
37281
37797
37541
36748
40387
36534
37955
40736
36129
39049
38321
36779
39097
36796
39564
37509
37393
39645
36872
40323
36508
36950
39821
36557
36595
39178
38394
39799
37388
38785
41595
39692
39092
38374
39936
38032
39006
41476
37795
40543
40603
40345
36773
41598
40784
38379
36485
36609
40436
38238
39597
40845
40718
41055
39544
36561
38052
38044
36560
37214
37951
40095
37322
40282
38654
36859
37186
39324
37140
36888
36510
36864
38219
40452
40787
38897
38572
38308
37475
40012
36306
40637
36849
40747
38037
39783
37405
40160
40270
37706
39920
36454
37443
40123
37655
37519
37086
38825
39658
38380
38469
36509
38127
40983
40714
40463
37407
38362
39530
37692
37481
40616
39793
39906
40235
39088
39866
36513
37250
37930
38856
36532
38859
36522
37816
37041
37863
38124
36026
38405
40729
39542
39875
39347
40914
40137
41740
38059
36180
40193
39307
36845
37487
39977
38864
39152
38941
36762
36677
41009
38460
36031
37824
36457
38715
41112
36996
36106
39066
36370
36105
40501
39304
37191
40426
38980
40721
36594
39086
36646
38692
37018
38404
39997
36237
38281
39308
38642
40523
40751
38950
37459
40632
38220
37987
39411
36302
40277
38631
36328
39614
40009
41593
38035
41202
38736
38994
37513
36266
36206
38606
38877
38213
40225
41349
40893
37470
39350
37304
41710
39762
40355
40207
38064
40850
40870
40770
41170
41370
38435
37040
39100
41304
40687
39188
38894
36467
39588
40390
37292
37607
40122
37288
40676
39865
37792
36486
41630
40690
38108
39150
39680
38602
36629
39885
36841
40560
41606
39523
39055
36080
37871
41003
40179
39722
38955
41592
41098
41026
37294
40507
41077
36805
40007
37039
37956
37374
37738
37687
40332
39208
37715
39305
36217
38196
39315
36781
38214
36540
41323
39403
39010
39071
36608
40601
38327
40883
39966
37882
41081
41719
37879
37749
38716
40373
38768
36992
36203
41128
36420
39682
40645
36948
38206
36618
36011
37260
40475
37219
37174
39406
36546
37819
36535
38978
40532
41161
39651
40821
39153
36982
40010
36415
40934
36750
39833
38009
37939
36499
39827
40551
36979
36611
40613
37409
36407
41616
39800
41432
41594
40700
41162
38933
36036
36688
40280
37703
40904
38908
41657
37001
37421
38176
36818
41610
38788
36930
41544
39155
41334
41562
38862
39116
37024
40415
40167
36310
41310
37402
37698
41624
41517
37921
37840
37298
38683
36177
38730
40278
37559
37714
40592
39277
40358
39112
39264
37438
37536
41589
37428
41260
37842
38878
39970
40777
38458
41335
37971
40609
37983
38821
36319
37054
41424
37781
39505
37942
36369
38963
38150
39319
37392
37886
38815
37370
38669
37200
41350
38006
39879
41531
36661
39587
36068
39124
39168
40213
37548
39234
38250
39805
40307
37652
38840
40166
37896
38553
36671
38068
41121
37321
41111
40798
36344
38611
39929
40353
38069
37574
36617
36927
41146
36538
39174
41639
37522
39987
36363
37841
40996
36961
37168
38018
37056
38024
38954
40438
39797
37336
38216
41732
36830
40192
36639
41000
40354
40202
37563
41013
41399
36126
39935
38603
36020
36712
38141
38728
36315
39884
37087
38232
41196
39114
39206
37273
37125
37736
41462
36198
41523
37604
37274
40094
37893
40773
39964
39322
38965
40275
40567
36353
37117
37919
37801
40451
40414
40076
38203
36584
40442
36588
38904
37139
39220
41418
41402
36977
38337
37848
36817
36682
40396
36299
37883
36935
40503
38397
36701
39547
38349
40466
38709
36421
37097
37975
40734
40832
41583
41552
37576
39632
39433
37493
38830
38290
39931
41737
36799
37660
37843
39182
37608
41078
37685
41103
37821
40349
36505
40520
41441
39529
40781
39641
37965
39572
39898
41485
37800
38309
40825
37571
38493
39151
36247
36568
39498
38103
38085
36772
39431
36446
38080
40059
36717
41561
37681
38823
38934
41443
40738
39074
39640
40843
40994
39780
39091
39279
39816
36033
36951
40495
36058
39444
36078
37709
38992
38880
41002
38988
40982
37073
39002
38561
38741
37400
39617
39775
36521
38657
36606
40131
38641
38953
37432
37406
41575
37697
36910
39978
36192
40310
37720
36724
40865
36882
36131
36929
39144
39138
39435
38393
37171
37940
37259
38340
39741
40180
37741
36651
36923
41326
37839
37320
40605
40173
41623
36785
37733
36765
38367
36681
36380
37711
40723
38793
41355
39377
39871
38706
39398
38874
40108
36448
40042
36720
37418
38437
41460
36082
36909
39508
40037
37484
39750
37648
40626
39282
37279
38331
39814
38696
38372
37745
36562
37427
40214
40449
40894
41469
36820
39008
40069
39133
39148
37570
37071
38092
41279
38892
37300
38779
37445
38997
36426
38477
40308
37346
36419
37616
38925
36112
38310
36692
39214
38749
39402
40802
38384
39922
40958
36414
39626
41152
38490
38813
38750
37328
40568
36250
39518
38592
39167
39400
37394
36332
38595
36525
37788
39706
41328
36224
36138
38106
39917
40441
41669
41661
41655
41578
39543
37675
40936
36140
37790
39754
38096
41311
39609
38289
40360
38805
38409
38403
37251
36925
40088
40972
40905
41694
36061
40006
37803
41564
38688
39034
38274
41072
39195
39044
41317
36987
40963
36234
38731
40539
39084
36988
36886
38624
40758
41083
40386
39137
37220
41652
39410
40232
36320
38495
38707
36593
40941
40322
41363
37742
41654
39848
40857
38719
41693
40946
40487
38829
40506
40795
38246
40195
41439
40186
38837
37132
36436
37505
36526
41512
39380
38061
39298
40570
41216
38790
41649
40304
39267
37275
38548
38434
41430
38225
40306
39888
37832
38621
40846
38617
41631
38483
40216
40772
41672
37946
41605
36564
40633
41706
36731
40660
36541
41381
40139
41396
36630
39696
40273
38795
38036
41609
36267
38720
38702
36309
41281
40927
38845
37198
39300
36379
36386
36181
40992
37875
38408
38390
41620
38717
38886
41636
37323
38566
39382
40017
36340
36277
41493
39985
41558
37314
37444
36352
40381
38936
37201
40726
38263
41683
37603
38428
41689
38269
38217
38398
39812
36346
37690
36156
40985
37189
39212
37600
38769
37502
41362
38514
37210
37366
38335
38163
40101
39183
39181
37453
41268
36906
37852
40163
38625
40200
40693
37403
40029
36998
37925
38634
38945
37620
39024
41529
38612
36146
37894
40938
41573
39548
37076
41366
36873
38842
39559
36238
37771
41207
40316
41203
38789
39388
41263
37379
39727
41522
39257
38927
40848
36367
39912
36874
40333
40203
37325
37247
39878
41320
38847
39478
39962
36644
40421
41351
38385
41695
40778
36652
40047
37728
41347
41387
39792
39299
40624
39215
36911
36964
38888
41105
39676
40276
37977
37064
36040
36719
37862
40023
37855
40237
40121
41303
37179
39134
38725
37116
37932
39850
41461
39660
37696
37612
40782
38820
39344
38996
39897
41256
38413
38187
39464
36605
40783
39528
36852
37386
40993
36536
41483
40881
37729
40164
37664
36571
38505
40809
36715
37915
36221
37787
38521
40103
40183
39669
36897
38865
40143
40132
38699
38387
41333
39016
38125
40733
36304
36311
36157
39053
41218
38562
41023
41200
41637
37019
37580
41061
39946
37212
39271
38347
37415
40805
39329
40695
40750
38900
37089
38710
37672
38803
40064
41359
41569
39881
38764
39824
40233
38317
37972
37093
36071
38350
38510
36939
37899
36936
38322
40900
41470
37118
39857
37417
40346
38671
40732
37831
40533
36373
37734
40265
37637
36383
41307
38209
40408
40231
41653
36726
37756
39940
38680
36942
37908
39776
39584
41189
37753
37700
36777
36985
36418
39499
39248
41615
39713
39051
40256
41031
37160
41677
37240
40581
38740
38407
38928
38123
41035
39414
36354
36653
41590
41069
40641
37591
39345
37606
41174
40984
41171
39196
37585
36422
41685
36493
38567
37124
40294
40498
38294
40066
37668
37529
37910
38834
40093
36443
40437
38307
36099
36089
40375
37631
41721
41407
38412
39184
36163
39656
39903
41237
36728
39555
36327
40790
37758
37773
37075
39600
40925
37735
40855
40016
39807
39666
41613
41731
38776
38649
41699
37072
38569
39869
39187
39241
38814
37721
39702
40945
37101
39649
37772
36887
37527
40220
36764
39166
37437
39487
39803
39979
40063
36792
38835
36219
36186
39370
40513
41368
37543
38202
40673
38030
40512
36722
36716
39691
39634
39664
41305
41436
41082
40229
38334
36960
36502
41054
37947
41024
38136
41702
41633
38765
37222
37920
38233
37929
37482
41559
37383
39459
40376
40259
39045
40935
38576
36528
41459
36822
37552
39570
39677
41739
40398
38169
37737
38338
36727
39779
39376
37471
38029
41498
41489
41353
40464
37433
38411
38043
41180
38481
40423
40557
36413
38622
40959
38658
39926
39466
39237
36069
36655
36338
37665
39944
37997
40474
38849
36483
36303
38653
36145
37069
36235
40987
38258
40719
36174
36908
38345
36017
40020
37611
40849
36062
40429
37485
40391
37447
41316
38857
36938
37793
37979
38155
39412
39688
37359
39391
38948
37783
36222
41179
37847
41047
37109
39005
41679
41132
39247
39892
37170
36711
38306
40702
36166
38695
40418
41187
40799
41269
41019
36891
40847
41089
38116
40716
37169
38981
38208
37587
40975
37686
36194
39674
39538
38517
37823
38694
36601
40347
40482
40303
39925
38542
39659
38686
37643
39484
40318
36548
40148
36469
37914
41416
40125
41325
36298
38468
36333
38361
36471
36637
41188
40253
37517
36744
38427
37511
37651
40340
41581
36396
38565
37165
38863
39786
37146
41566
37836
36823
38270
41530
39553
37554
38684
36165
36914
38328
38509
41338
37248
37943
37558
39716
41542
41251
39494
36583
36848
36621
38895
36466
38660
40394
40869
40031
37708
36429
39839
39661
37232
40666
37187
39405
40597
40950
37390
39367
36962
37264
36549
38861
40198
39808
38579
39982
37353
39493
39854
41597
38273
40875
36057
41343
39180
41163
40252
40662
39601
37627
40362
41421
36468
39291
37358
37958
39082
41231
40656
41492
39902
36052
37805
40048
40519
41176
38817
36991
37662
38453
37203
38145
41036
38063
36798
39583
41060
40258
37844
40151
40692
41185
39619
39065
39364
39289
41131
38053
40479
41247
40446
41053
37999
40248
41220
41547
41226
36289
39832
38376
38184
37539
39353
40588
39558
40540
37501
37535
39746
37334
38891
37629
40439
38903
37550
36899
36458
39823
41209
38050
40056
36645
36965
40877
41296
36053
39030
36702
41107
40572
41140
37895
40968
39900
37213
41312
36558
39295
39125
39546
36862
36699
38594
39026
38074
41553
37663
39012
38819
36632
37055
40117
37021
40477
39790
36915
36185
40600
38512
37989
40569
39837
40671
39606
37303
41242
41070
40141
38356
36465
37994
36573
39550
40251
40608
37446
40084
40591
36857
36101
37237
41091
36330
40336
36980
37670
38667
36312
39512
39489
38966
40704
38268
40087
40369
38932
41471
41388
37647
37491
37473
37467
41148
37850
39401
36349
37147
41659
38812
39355
41244
41065
37998
36402
38371
37068
39217
40575
38614
38930
40188
36066
37476
37810
36108
39386
36567
39362
37462
41149
37710
41354
36654
40853
40649
37716
41535
39535
37115
39172
36544
37802
36660
40614
40566
36135
36253
36524
36398
39838
41066
39719
41126
39943
39863
39203
36697
41324
41239
41219
36775
41246
36314
36659
38882
40746
39132
40577
36695
37577
36566
39589
38913
40921
40615
40145
36425
39441
38833
36514
36684
39643
41420
38244
39306
36484
36293
38099
40836
37365
39815
40529
39908
40109
41376
36045
39156
41208
40147
37750
40288
36686
39338
39130
41094
37669
37963
37316
38771
38985
40060
40459
38782
37622
38917
36801
40840
36667
41095
36976
37461
36774
36102
37778
38177
40105
39877
37613
37079
41567
37436
39726
36376
40113
41212
38544
37342
36115
37340
39162
39093
36023
39446
37324
38459
38215
36880
37456
40481
39296
36957
39042
39937
39111
38186
41290
39835
39421
40182
36574
40025
37326
37835
41210
41596
41458
40889
40309
38588
41165
38175
37296
39268
38173
38919
40574
36193
40320
38065
40039
40413
41299
37861
37005
38784
37579
37099
38698
40874
41166
40677
37128
36616
40860
41340
38747
37561
40580
40926
37239
38526
39368
38180
37293
40483
39211
38272
37712
36633
41515
38102
38151
36216
40618
39847
38443
41588
40228
39041
41240
36648
36968
36366
38937
40920
41477
36685
36118
40579
38752
36251
41168
36187
40735
40378
39851
36388
41587
39200
36890
37639
39874
39764
41117
41431
39995
39321
39263
39179
38199
40102
41697
37183
39340
41539
38122
40826
41722
40863
37047
37907
38575
37776
38476
38130
36336
39842
41315
37595
41193
41040
39868
36842
39927
36136
36813
39707
36664
37642
36598
40067
37774
38020
38693
36736
39455
38541
39744
37594
37238
36531
36459
40793
37752
38727
38536
38591
39293
41479
40866
38299
40230
38467
38869
39836
40040
36829
39035
41440
38114
40944
38613
39314
38796
39773
40816
40496
38463
41423
40672
38433
40469
39359
38135
39157
38807
39480
37091
38221
40329
39436
40835
40913
38330
40366
39894
38806
36264
37474
38492
41360
38986
40028
40090
40775
38440
37466
38161
37764
36190
37572
39232
37679
38235
39280
37626
36098
36492
38132
40299
40711
41475
36734
38129
37589
41201
41297
39473
39131
38026
39076
40450
39510
37976
40794
39683
39357
36811
36362
40953
40703
37130
37982
36223
39218
38336
38494
38906
41514
38640
41027
37763
40686
40283
38519
41415
39930
39532
39996
37408
40871
41500
40743
40417
39953
41255
37352
36766
38049
38585
36391
41644
40514
36261
40127
36087
41641
40142
40697
40822
40004
39389
41372
41271
39998
38081
41155
40817
38587
39574
40713
36866
38107
38319
39205
39079
40296
36529
36687
37371
38974
38712
41504
37424
39911
39845
41499
39678
39577
38645
39971
36164
36116
38503
38513
38185
36551
36149
37636
40465
38249
39375
39961
36512
39611
36698
41708
36907
37134
38230
40455
37361
36096
37216
38051
41527
40293
39624
39976
40679
40639
41125
40055
37356
40356
36169
40089
40300
41482
36313
36515
40124
38353
38223
41085
39582
37518
36576
36113
36141
38899
41093
38252
37307
39554
41549
37302
36088
36279
41404
41728
38227
39244
39356
37395
37070
41382
41448
37231
37935
41337
39993
37173
39230
38222
40046
38663
40497
38243
38346
36175
37537
41565
40445
37177
39787
39864
38295
40552
41632
39735
36643
41446
39778
37367
39989
37138
41367
38265
37368
36263
36751
36245
36091
37641
40431
39592
36596
36055
41495
39628
36200
38417
41102
38637
38568
39521
37084
37869
36254
38943
38153
38016
39483
39000
36729
39021
39933
38373
39928
41513
38556
38860
36847
40221
38580
40335
38188
39788
36410
41619
36358
41262
37270
38549
36555
38034
36412
39318
37256
38655
36283
37043
36449
37666
36700
40153
40538
41656
38105
37449
39941
36501
41384
37597
40977
37192
38383
39123
37898
41486
36619
39983
39560
39639
40828
40159
38138
40015
38531
37941
38748
41449
38726
36756
36943
37265
36856
39604
37849
39228
40402
40043
38889
41490
37016
40636
41484
39939
36212
38484
39394
37228
38668
41282
41025
41133
39891
36133
36143
36059
39287
37701
37246
39161
36012
40906
40651
40315
38901
38267
36615
39886
37244
36173
37103
37000
36563
37614
39687
41184
38261
39409
40071
40604
41550
38166
36597
37885
37531
39320
36094
38400
39239
37398
39887
39515
39629
36867
37457
40556
37804
39415
36747
39915
36585
38041
37448
39491
40298
39102
39618
38343
41215
37646
36602
39467
38910
38083
36372
38890
41177
37853
41481
39684
40661
38947
38303
37877
39590
40422
37341
37262
37762
40949
36329
38073
38787
39261
37992
37575
38681
37074
37249
37067
40791
41051
38090
38609
38071
39751
40311
39383
38280
40189
38039
37856
39578
39423
38951
38204
41088
39955
38500
36770
39313
40902
36821
39366
40999
36041
38884
41690
36752
40405
39454
39896
37623
40204
41374
39262
41194
40352
40898
38836
36809
36495
41274
37156
37317
40419
36243
41113
38659
41712
37676
38200
39197
37272
36878
36879
41516
36239
38386
37243
41716
38247
41034
38650
36195
37499
36018
36142
38007
36201
40168
39655
36932
36123
36840
36455
37506
40759
36240
38810
37860
39286
37276
39914
39175
40453
39069
40485
38262
40908
39284
38735
40174
39990
37263
37007
40635
41734
37227
38939
37981
39122
39381
38159
41704
41273
37199
39730
36016
37569
41073
36793
40839
40644
41618
39919
37306
40886
38455
41545
40313
40107
40524
36030
38742
40100
38982
37384
41709
41496
39763
40476
37830
37684
37986
39497
41413
36636
40595
36902
36103
38916
38066
37820
40505
37834
38529
39103
41723
41688
38578
37217
36295
39693
40389
38964
39952
40096
39404
41518
36009
38439
40078
36119
39325
36668
40508
36893
40324
37354
36360
38875
38078
39924
39841
40814
37628
40810
40808
37257
40114
37656
40912
36048
40133
38040
36496
37002
36027
41076
40331
39620
36280
41259
41058
39876
38089
40880
37859
39399
36258
39602
36705
40851
36227
41147
41647
40989
37928
38021
38515
36881
41191
38332
40674
36838
39758
37854
41607
38320
37092
38690
36072
37452
39332
41703
37599
38025
40379
37104
41474
40484
37761
37913
40197
38242
38851
37731
41711
40517
41425
39524
39566
38739
40079
38231
38620
41586
41005
37765
39948
39540
39270
37313
40596
39094
41348
36580
38604
38679
41124
41314
39756
38866
36885
40916
39603
39018
38488
36399
41684
36843
40564
36244
41287
38946
36625
36956
36517
39633
40841
37754
38382
41724
36321
38207
38497
37717
36706
41417
39895
36167
40544
36236
39449
39829
41223
40562
41233
40222
37990
37083
40044
38094
40986
41289
39485
38279
38800
39106
41327
38867
40939
40245
41206
39502
36937
38828
41182
41234
41160
38363
36035
40767
38704
40434
37377
37331
38436
38745
40518
39861
39818
40317
40510
39428
40658
41534
40967
38960
38616
38557
37308
37993
36669
39819
41339
38480
40003
39149
41622
38010
40083
40699
41358
41115
38251
36130
37833
41181
37829
40302
39229
39568
37878
39846
38005
36039
37897
39556
40289
38365
40357
41294
40403
39909
39525
39720
38672
39795
37699
38808
37500
41428
37504
36547
38632
36542
39760
36208
36954
38156
36148
40509
40951
37369
39056
36341
41211
40267
41537
38666
39023
36834
39453
38564
41108
39733
40606
39233
36324
37008
39988
40328
40885
40502
39046
36999
40971
37807
39430
36271
39250
41364
40819
38627
36788
39557
38853
39408
36252
38461
38647
36014
36019
39627
41612
39392
41142
41508
37463
39107
38086
38677
39374
39501
37286
37514
41426
40410
41707
41114
38850
38554
37229
39256
40559
41391
41735
38172
38054
36858
36657
36743
36828
40706
38528
36800
37299
36763
38993
36464
36390
36928
38359
39482
40876
40026
36591
36642
37659
40128
41406
41557
37469
38278
37333
39451
39889
41667
39303
36607
38266
40752
38644
37904
41029
37568
39562
39139
40563
37431
38643
38077
36975
36013
41313
37786
36100
41008
38685
37891
39164
40427
38530
38682
38424
39246
41701
36213
37131
40365
40864
41454
36650
36397
38763
41178
41214
36081
39115
37289
40948
38364
37458
39186
40085
36556
38732
37674
38045
39169
36516
37890
39585
36343
39968
40473
36375
38389
37770
38581
40631
38724
40359
40974
36963
37584
38160
40019
36044
38786
39463
39113
37633
36127
36672
37544
40456
38472
36347
39108
40923
36481
40565
36147
41532
41385
37479
41318
37809
40428
39782
38012
37058
40144
39642
40965
38224
38608
39742
37164
41456
39731
38511
36233
40917
40744
37280
41001
38256
41139
37948
36260
38355
36861
36622
40659
40246
37044
38664
37032
37030
38296
37583
41497
38538
39189
38014
39235
36883
40284
36246
36634
38547
41645
40797
38110
38144
36172
39378
36077
40537
40363
37953
39994
39950
40341
38961
37004
39007
41116
41634
37560
38722
39048
40097
39537
36815
40542
38438
39804
41572
37865
36487
38523
39136
40804
40745
36543
39019
40150
36151
37050
41604
41064
40918
36475
39794
39292
39017
38794
36350
39496
41686
36978
37337
41505
37566
37905
38600
36445
40185
37530
39630
36745
39826
40763
40970
37082
40206
38583
40074
36730
39361
37035
39860
38170
39442
36453
38255
39219
39932
38832
36220
38662
37450
40491
41741
37991
41715
40490
39358
37497
37258
36122
37065
37825
36826
36732
37028
38001
39862
37215
36416
41224
40980
40973
40435
41371
37766
40553
41341
38027
41429
40573
39452
39352
38507
37498
36714
41414
40796
40688
38326
40991
37413
40638
39213
41700
41173
36832
41052
39545
38174
39326
37532
39001
41658
40769
41738
37420
38628
36973
38297
37757
36941
39127
41455
40634
38318
40834
38574
40176
38055
38599
39671
38590
37650
41205
41378
40862
36707
41650
36506
36400
40627
36170
36504
38430
38236
37154
39290
39872
36411
39276
37029
39390
38501
37106
36286
36759
40470
36322
37916
37009
38288
41472
41030
36974
39701
38629
39654
36710
38873
37931
36816
38011
41648
39591
36663
40209
41014
40956
41302
37017
